mswomcus. 989
11151111611,111111111111 11 Ar· N‘J'h‘b'um 1111111. 1, 69, 20.

11111111 1111111511 Ι, 249, 3. Ι, 15.

11151111 11111 15111151 occupata 11111 imp. 1, 360, 8. 1111111111

117814. nomine 1 21111 111111111111,
111511516111111 11611111 11111 372, 2.

11111111 1, 198, 7. 1111111111111 Nem quidam 1 Domitiano 11111

111111, 201, 1. 11111111 nu· 106116111111113οΑ6.

1511126120 oq . ' Nemo 1111111111433, 19.
8151111111, 1111161111111111, 11111111, 218, 22.

111 Ι, 189, 20. nestoriani 5111111111 uuam 11161.
1115111161111 1111111111111 111111 mm 1111111111, 069, 10.

Ι, 262, 1. 1111111111 unde 1111111, 592, 23.
1111111111 Ι, 184, 11. 111161111111111,593,13. 61-
111151 1111111, 733, 21. 11111111595, 121 1501161111.
1111111111 111111111οωί11111 1111- 1111 1111111111, 9, 8. 59223

ωορω Ι, 450, 9. 11110111. ΙΙ, 11, 20.
1111111111 commodi 1111111441, 11111 oppidum ΙΙ, 183, 17.

13. 1111111 1516111111 1111111111 Ι,
11111111111 1191111137, 11. 438, 11. 1511611111, 79612.
111111111111111111 111 victu· Ι, 470, 1 6116111111 occupatur 11, 429,

15. 1. 19111611 1111515111 Ι, 499,
1111111 16 615111116111 6111511 21. 604,1. ΙΙ, 23, 6.

nomm 11111111, 6611, 4. qum Nicephorum! imperato! 111 1129,

1111151111111111 1111111, 710, 18. ’3. 1111 11616111 ΙΙ, 3312111. ,

1111111 11111611115111. 1111 1111111111,11.131.ῃ. 111-

1111111 1111111111681, 7. 1111151111111 11 editio 11, 40.
11111111 11111113111111 111 1111- 16. 11111111111,42,0.
1113111111 1111813 11 613511ξέ1113111111 117·

1 J ⁹ Ι ⁰ 7 1 ⁰
S. 11111111 tenplum 111611111111, 111 1111111111 11111111, 351, 21

231116. 111. 11111 virtum ΙΙ, 353, 6.
1111111111, 122, 16. 11111 ΙΙ, 36114111. invidia
1111116111 1151 6111111, 221,4. 15111. 1111111668, 71111. 111
1111111111, 1111116116131 1,216, 16111111 Saracenos praeclaro

12. 3111111354, 2. 360, 21 sqq.
11115151 119116 111 Ι, 105, 0. 1111111111 ΙΙ, 375, 141111. ,1111

197,11. percussum 1111111111 11111111
1111111911 6. 11, 12, 4. 1111 ΙΙ, 38010.
11111111116111111111 1 1111111 Ι, 1111115111111111111111111111,4,8.

574, 2. 11 6111111 ’11111111 Nicephorum 11 11111 patriarch·

111111 1111111111, 533, 22. 11, 34, 5. 11111111111,56,17.
1111111151 1111111111, 2618. eius 1611115111111 11 litterae
11111111 lepra per 5111111111 1151- 11, 7213.

11111 1. 181, 8. 11111ρ5ο111051111 8111111111 ιιι-
1111111511639, 7. 11111111, 2368. 1111111161·
1111111111, 244, 12. 151111- 11111111115116.

1111116111111111 111111111111- 11111ρ5111131111 1111111 relega-

61 dimum· 15111. 1115111111- turn, 379, 14. 16 6111111111

11111111, 254, 17. 342, 19. 1111111111, 133, 13. ,
11161161112121. ,1611111111 11 Nicephorum comnenus protospa-

Eneehim 11011111 1516. 1, 27, 3. 1111111111, 464, 10. 11111111-

2118. · 11111 praefectus ΙΙ, 48122. 111-
11111111111111111151111111 1522. 11511301 primur 15181. 13·

17. Nicephorus xiphian 11 1111111 11-

 

