968

:1⁹¹th 11011λῖ111ῗὲ1ιὶιὲ 300122. 16. 1111111111 11111111 11111,

111 ,ι . , . - o. .

1111111111 1111111111 111. 1111111- 0111111111 111111,13,1 11, 1.
1111111111111111111111, 309, civium 1111111111 111111 uh
18. efligies Edem 111 11111111 5111101111110 1111118-

1111 1, 311, 3. 0111111111. 01111111111111116111 1317,9.
1111, 3112 sqq. 111 11 111111- Claudius imp. 1, 316, 11. 151, 11.
1111 l, 761, 9 sqq. 111 1111111111 0111111110111111111,12,10.
clu· 111111 1111111111,100,10. 01111111 11181111111111 11111111,
do 1111111111 11111 historicorum 118, 13. nub Domitiano 111-
:eatenus 1, 611,1. 111 11 ex 11111011. 131111·
virgin? 1111111111 vaticinium Clemens 1111121111 111111 111111111-
1111111111112311111ζ111ῗ1ξο clffliaffinnffi4'tynnnu· 1, 561,

011 111111 11 eunucho· 11111111 11, 1⁰·
19, 7. 0111111111ψο 111111113019.

chrysaphius 11111 21111111 1, 601, 11111 interitus Ι, 320, 7.

13. relegatur 1, 601, 16. 1 111ιί111111 111111111111111111111111

1111111111111 1111111 1, 60310. improbum· 1, 1103, 13.
:Ismarum 1111111111 ab 111- Clytaemnestra 111111 111116

1111111 1111111111 1616, 23. 11111 Leda· 1. Ι, 112, 11. 231, 11

11111111 111 1111111111 combustae 01111111111111 1. l, 211, 1.

1, 636, 16. 01111111 relegatio 1, 6186.
0111111111 qun· 11 1111111111 1121, 01111111 1, 115, 15.

19. coelum 1110111111 1111116118,
12131111111111111111111 1, 111, Ξῆᾱῗιέε stridor 1111111111 1,
011111111111111111111 ΙΙ, 217, 22 11111111 1111111111 1, 199, 10.
0111111ὴί17 11111111111111111, 1111161111111111111111 1111111111

206,11. 11111111111111111111, 1, 136, 10. 11111111 61111 pro

100111. 1111 1111111111 11, 212, 11111 118015.

9. 01181111119111111111111111 11,
0111111111 6. qn! 11 numi, 19111.

21, 11. come· Diomedis 111111111111111,
chrysostom! 111111111111111 1, 1176, 218, 18.

61111. 0111111111,581,16. 11111 1111111111111,138,1.610,1 617

1, 582, 3. 111111101111111111111· 6. 11, 7,11. 11,13. 111, 1. 1113

111111 Ι, 1811, 11. 111 11111 11- 1. 1111111111111111111 1, 711,

stimonium 1, 77, 8. 111 11111 1. 11, 11,· 13.

1, 91, 3. de ludaeorum 111111· 011111111111111111111111111111[1111.

011 1, 3901. dam recipit 1,692,17. 0111111-
01111111111111111111 111 1, 116, 6. 11111111 1111111111 11111111091,
0111111 Aethiops 128, 8. 11111- 111.

rodi 1. 1,111. commodus imp. 1, 111, 3
011111Ιί111 1, 205, 7. 11101111011111111111111191,
0111111111111111111111,301,9, 10 199, 11. 0111111111111163,
01111111 1111111 1,.19,10. 015110 eontra ’1111111111-
01111111111111.1,18,11. 111 1, 0111, 1. universalium
0111111111 Ι, 15292. enarratio 1768, 6.

0111111 1, 112, 21. 0111111111 1, 295, 9.

01111 1, 131, 23. 0111111111 Constantini 11. 1. 1,

circi 11 11111111 conditi 11111111, 195, 21. 520, 1.

258, 11. 0111111111 1151, 1111. 11111.
0111111111 Arabum 111111, 1111, 11111 dedecore cpolim 1111111,

 

