INDEX HISTORICUS

111 (1101611151 CEDRENUM.

Am abrahami 1, enm 11.,1. 11111, 113. eius 1111111111
11111 1511111111 Γ, 125, 22, 1111111111 111111111111111111111
eim 111111, 92, 12. 128,12. 1115111111,15,141(1. 1111111
119, 7. virga amygdalina 1, ' qnid significet 1, ,18
12215. 1511111 8111111 1.1, 119,16.

1111111151111111 11, 54,15. 1 15111111511111,115,16.
Samuele 111111 interficitur 11, 15111111511111111111 1, 118, 26.
43518. 15111 Samuelis 1. 1, 111114.

1111111111,1111111111111111,575, 15111 1111, 1881311ἱῐ.
23111. 151111111151111111511 ,151, 1.

1511111111 (1111111111 11111111, 151115111111111111,479,2.

186, 5. Abigam 11111111 111111, 119,15.
1511111111 111151 1, 653, 7. 15111111511 iudex, 6111111111 1.
151111111111111111111111112971. 1, 96, 6. 147, 19.

15111111 1111111, 146, 11. 1511111151 amarorum 1111 eum

1511 111 1, 212, 17. 1511111111 pactum 1, 111111.

151131115111111,616,7.9111111111 11111 cnm 111111 1, 5⁸· 7·
11111111 11, 573, 15. 1511111111111 nuncio· 111 11111111·

1511111111111111 51111 11111111 1111111111 11161111111 cauta
1, 777, 22 mittit 1, 771, 41111. 111111-

15ἰ11111111111 excidium 11, 298, 1111111111 1111111111 1111111111,

1511511111 ptem pout 11, 215, 1511111511 (1111111111 111111 11,

Agilaam 11111111 1171111111 1511111111111111111 ad 1111111111-
1511111 Ι, 777, 11. 1111 111111- 1111911141111111111111.160,21.
1111511116. 15111111 111111, 152, 19.

1511111 11111 Ι, 177, 6 nqq. 188, 1511111Ν111 1. 1, 149, 29.

17. Aborigines 1, 259, 12.

15111111 111111, 186,1. 151111 11151 1, 187, 16.

151119511111111111,196,21.1111 151151111 genus, 11111 et 1111
11111111111111111 15111. 22. 1111111. 11117511· ⁰

151111 8111111 1. 1, 147, 16. (1111111111 posteri 1,.76, 19 ηὲ.
1511111 1111115111 1 caino 1111111· 1511511111 0131151151 1. 1,71,1 ·

Georg. 6111111111 ton· 11 99·

 

