1111111111. 979

11111 81111111 1, 677, 10. 11111 reguum 1111111111 oeulos 11111111

7111111111111 l. 613, 1. 1117011111. 111111111153116.
0111111111 111111 1111111110- 1111111111, 131, 6.

11111 l, 611, 10. 1111111111 iu 1111111 11 1111111111
01511ζέ1111ἶὲ :iuminguuluss 1311111ξὶ 'illl 12⁵, 19. 111111111-

1111 11 «uu 1111 . .

617, 11. leonii 11111111 Ι, 10, 18.
Hyperborei 1, 367, 11. 11111 11111111 et posteri 1111111 Ι,
1111111111ιὶ l, 001, 1. 61, 11.

1111111111 ultimus regui israeliti 101111111111117813.

sacerdon 1, 101, 1. 8106. 800, 1111111111 11111 1, 169,10.

6. 333⁴, 19.. elul 11111111 undo 166111111111 unctor 8111111111 1, 81,
nyln'niuo' 0111111 1. l, 16, 5. Idomeneus 11111. uisum 111
111111101111111111111111610. Alcinoum 11111111, 133, 8
1111111111111111111111 1111111111, 1111111 1310 191, 11. 191,1.

19, 11. 1111111111 (1111111111 l, 115,11.
lumbus 1111111. Ι, 69, 7. lubun 11111 19117. 1111111111·
incubus 1111111 1. Ι, 329, 0· 1111111 l, 60, 1.
luculli 11111 1111 11 martyrium 1, 1111111111 11111111 1. 11111007.

061, 11. Α qul 1111111111111 111111 1, 101,
11111111111101111.11111111,017, 1οι10719·

11. 11111111 111 l, 118, 11. 181, 11.
1101111111 1111111111111111111- 180, 1.

gil Ι, 151, 3. 11111111 Galaditis 11111111, 103, 15,-
11111161111111111111111 1111111111 117, 13.

piolus 1, 105, 0. 117, 10. 1111111111 1111111111 11191111. cur
11111 1111111111, 01111. 117, 1. 1 subligaculo mcuiueluuvutlcluuri
11111111111518, 11. 111111 Ι, 597, 1. 1810111111 11
lmen 1111111111 uugi Ι, 8³. 7. invium cuniculus 1, 101,3.11111

11. 10. lucus l, 390, 8.
11111111111111111 imp. praeceptor 11111111 1 111111 1111111110.

ΙΙ, 111, 16. 1111111111 111111- 11111111111, 1718. nb 11111111

11111, uui. miraculo 1111111111 l. 180, 17.
1111111111 111111 11111111, 11 11111 ι1113, 11. 101111111111111 1111

1111111111106, 13. dictu 1, 111. 20. .
111111111111,10.1, 10. 111111- 1111111111111 umuli Ι, 116, 3.

1111111. eur Cibulliuu 0111111 1111111111111111116161611963.

ib. 11. 111110111111111 11111. 8. 101, 10.

01111111 1119. Patricius 111. 1111111111 (111110111111111 nu-
lupeli puuturi 1, 11, l& 11116 1111 1,116,10. 117, 10. 11118.

eius 11111 Eurupu (11111109133 111, 18. 1711,ss- 1811. 111111·
1111111111 1,116,11. 111111171171111. munnulus
11111111 1111111111 11, 11, 13. 13. nida 1110111111111111.

17. leuba· l, 151, 10.
1111111111, 11111111 princeps 1111111111 1011111111 1. 1, 61, 1.

11, 619, 6. 111111111111111111, 161, 1.
111111, 1011. 11111 0111111 1. l. 101, 13.
11111111111111166,3 111111 Sinchi l. quo lempurel,
11111111 0111111111 1111111111 1001101011. , Ι
· 11, 6818 - 11111111111111111111111,51,1.76,19.
11111 ulma· opiscopus l, 695 1 1111111111 lebabi 1111 l. 176, 7. a
1111111111 11111111· 1

1 ιτ rurum u . . .

 

