rrrsrourcus, . 997

8111111111 1111111 1, 101, 3. 361.2.500,12.511,12. 11111-

31111111111111111111, 189, 111 11, 568,16. eorum regnum
20. 11111111111,566, 17. ,

81111111111111111111 11,321,19. 8111111111 11 81111111115111-

8111111 obstetrix, 1111111 1111111- 111111 1111111111,722,13.
511111 l, 327, 21. 8115111111 contro 1111111111101111-

Salomoni, 167, 28111. 11111111111,718,16. Romu·

8111111111111311111 1, , 1. uorum 1111111111 (11111161111 ib.

8111111111111 1, tuo, 20. euru 111 pacem componit 1, 781

8111111111 11111111, 107,10.119,1. 11. .

81111111,111118151111 1, 180, 23. sardanapalus Assyriorum 1111130,
111111118111111111113187 11· 1111111118*
182, 911111. expugnata 1, tur: 81111111 11111111 capto ΙΙ, 36, 21.
11 189, 20. 1111111111 1181- 811611[111111111111111111111,73,1.
111111 dicta 1. 323, 9. 118, 19. 5111101 fl· ΙΙ, 2¹4, 7·

81111ιί1111 111111111111111111 111. Surus 11. 11, 362, 5.

111111, 188. .’1. Saturninus 111111ῑί1111 Ι,138,18.
81111111 horor 1115, 11. 8111111111 Cretae 111 l, 52, 5. 1
81111111111111 195,19. filio 1111 reguo pulsor 1, 28,
8111111111, 25810. 1111111111, 22· η

261, 17. 271, 21. ’ 8111111111 Boeotorum 1111111111
8111111111 otoo· 1, 161, 22. 144183·

81111111 index 1, 106, 2 1 q. 811111111111111101, 789, 21.

81111111111111111111111111115111111- 811111 111111. 1111111111 1111,
111111181111111111 11111 11, 616, 110, 20 1 q. 119, 13 rqq.

5. Francos prandente· 1111111111 811101111118. 517. 2.

11, 617, 23. 811101 murus 11, 175, 8.
< 8111111111 111111, 108, 5. 119, 7. scenopegiorum 11111111 1.50,19.
samuelus 8111111111 princeps 11, scholariorum ordo 1111111111 Ι,

185, 22. 1111111111111111, 155, 151, 7.

6 sqq. 81111111 11111111 1, 689, 23.
81111111111111111111111 1, 679, 19. 8111111111 8111111151 1111111111
81111111 8111111111 1151111111, 258, 111556ιῖ-

12. scorpii 11111111111, 269, 11.
511111111111111 monachor 11, 215, 811111110111111111 Ι, 231, 2.

10. 1111 poena 11, 251118. 11- 8111111 statuariunt, 561. 8.

legntio ΙΙ, 252, 11. Scythae 11111 11, 386, 16. 391 11.
8111111111 fl. 1, 678, 15. 11, 626, 111. 12. 555. 6.

16. 111111111111121. 8111111111
81111111 11, 90,18. 1, 13817. ¹
81111111111111111 rex 0111161111 81111111, quae ρ1111 Samo· 1,

11111111 1, 516, 12. Nisibin 18111111. 10.

ἔῖῗυῗηη “⁰⁸²'' mmm {sslssfrssulffiof'r 11111
11111 1115, 11. soora 1111111111, 11, o.
8111 1111151111 nuptui, 17, 20. secundun 01111111 consul 111111-

58, 12. 1111111 graviter persequitur Ι,
Saraceni, 1111111111111111, 50, 639, 16.

22, Mesopotamiam 11111111111, 8111111111 reguo :Nabuchodono-

61510. Syrium 1, 628,11. Per· 1111 praefectur 1, 2061511111.

11111111 Ι, 752, 7. Mysiam 11- 111 pistrinum damnatur 1, 202,

pqrrqq 11ᾒ1ἐ12ὂ2ῶ1111ἶ1ἓ11ἕέὅ 31¹ 8113ι Ι11114161 ἷὲ11111111111,122,1.

‚⁶¹rr·r·r·⁸²rr·

 

