1151511151. 965

Britannorum 515111 1, 110, 15. 1511515111 11 Apollonium 1151-
5151511111150, 3. 1115151, 1, 1. 1551111551
515151 libertatis 5551. vindex 1 5511115111 1, 118,·15. 11511155
101, 15. ’155511511151551551 ΙΙ, 80, 13.
Bruti 11 011111 1111111 Ι, 301, 5. 11111 111115151111 1111, 10.
51115111 occupatio Ι, 180,13. 5115111111018.
5115515111111515 1151511511511- 01511111 0115151 1 1511111 111
1155111511, 10111. constituitur 1 014115. 51551-
Bryanion 1115111, 011, 15. 11· 151151 151511 85151111111111111
1511115111 0103. 1501111111 1031111. 5111511001, 10..
1151111151 11, 011, 5. 11111 11 1151 11115111 1151151115 115111-
555151111 111 155111 5111151111 151 15111.
· genta· 11 00311. 015511110110.
aazia 1111511151 Ι. 500. ss· 01511115510111115 115515115111115
5551 51151111155111151.1,300,3. 151515111110,10.
5111511551115151 11, 10. 0. 01511 anthropophagi 1, 110, 0.,
5515111551 151111 11, 111, 11. 0511115115515111515111, 55115.
551111,1111111’111151515511,155, 111111έ1115115 pateat 11111 11,
15. , -
55111511 55111115 u, 101, 3. 011111 511515 1, 138, 1.
5511111151111111515 1115151115 0181511 urbo 111, 11.
irrumpunt 1 018, 11. 100, -10 01111551 11155111 1. 1, 38, 15.
1511111115 1051, 11. 1515 eon· Boeotorum 111 1 11, 8. 1151
11151155 05155115 1511515515· 51 111151551111111 1, 110. 11-
5115511100, 13. 15 511511 tatae 111.
115115511110, 5. deficiunt 1, Caesario invenio 1511151515 1, 300,
18110. n LeonoV imp. 115· 10. 115515115511111111. no·
1551511153, 11. 0511111551 5115115311180,11. regnum
111151 111511. Saracenorum 1, 101110. 1111111511300,0.
1511111515 ambiunt 11, 350, 15. 1111 1111111, 111115 praegressa
1 1151111 111111155111,511,15. prodigia ibid.
comm w¹¹m⁸b⁰¹⁰i⁰¹¹¹2413‚7· 01115111 Cappadociae 5511111 55·
115111 0511111515Ιί 1111111111 11, 5111111111388, 10. 1511111511
131, 10. 15111Ιὶ5 1111111 11, expugnata 1 101, 10. 5011111
151, 0. 11111111155111,101,1. 5511151111, 10. ,
1511ιὶοέιῆ 1511711111. 11, 115111.. 011111111511111111111101151111111511
1115 ,5 ,5.11111511, , ,1 1155555
115515111, 531, 81111.Ι 153, 10. Ρ
5551551 Paridis 1. 111813. r ’01115115 1511111111 51151 51551511,
551115111115111511,501, 13. 313, ’1. 015111 1 531, 8.
Bura 111151 motu absorpta 1155, 05115111 111 diremtum 1511515
18. . ' 15511551 115111100, 10.
551111 Antiocheae 1151 11111115. 01111510111151111 1. 1, 11, 11.
11511551 15115181151155 51111- 05151 nomen 1511116. 1111,
11111 11, 300, 5. Antiocheam 11· 15,10. 15511111318113.
pit ib. - 011515511111111111151551111111511
5511111 diruta 110110. 1, 17, 11.
5511111111 (2111511511 regia 1511111 01115115151111151151151151111,
5111511105151111 opera 150010· 05118515511111115115 1 010, 3.
Byzantium 5 constantino 155151- 011151111111 1110, 0.
551 tinctum 11 epotis dictami. 05115111 1111115511 1. 1, 80, 5. po·
10010. 5511115 1111155111 151111151111111511110,1.

¹ 11115151511110. 1111511111 11 0. 01111515 imp. 1, 3103.

 

