1006 1116611

66111111111111111611111111111111. Cotyorum ΙΙ, 764, 7.

cos 1611111111 ΙΙ, 662, 12 sqq. Crispinus 1111116116 16678, 19. ad
61616611161616616116111 6611111611 111161161616111 ligationem 11111111

ΙΙ. 736, 8. 661116111161111111, 1661166.

737, 15. Gry· 1666 ΙΙ, 691, 3.

Caesarea 67111116 diripitur 11, 661, (1111611661 7111161166 1166167325

16161. 686, 3. Ι66111111 111111 terrae 166111 annno
Calabria 1161111616 66616111 16721, ΙΙ, 657, 16.

2. 122, 2. 1166116661 11116166611111, 716, 7.
cannen 11111, 11. mannen„ 11. 111, o.

Coiocaio Comburtur 6666611616 1116661666 11111616 ΙΙ, 716, 111.

11661111 11, 612, 5. Diogenes 116631111111616611111116 61
(3111166 ager ii, 676, 26. 6111611661 11, 116616. 1116161161
Critone regio ΙΙ, 682, 7. rqq. 11111111 ΙΙ, 665, 5. 1166111161
6661661166 61116 Τ111111 coniuncti 6661616161 curn 1111116111 611-

11, 662, 8. girato coniungitur ΙΙ, 666, 11.
6611661661616672,12. 11116166611,111,11. mors
(166116 princeps 11, 674, 21. 676, 18. 16111.

6666116166 Antiocheae 1616 ΙΙ, 116616111111111,71612.

681, 3. 1166661 oppidum 11, 762, 11.
ebion 166116 11, 681, 17. 1106666111 11, 726, 16.
(16661666161 loono 11, 615, 22. 1161616116 Servorum rex 16715, 7.
chonensis 161 61161161 67111611 1161111666 inens 11, 61166.

161611116111, 686, 15. Dyrrachium 11, 722, 8 rt 111
6661611111161 ’1616611116 dux ii, 61611666111161611166111161616666-

617, 11. 116 11, 689, 13.

Chrysopolis 111116 ΙΙ, mi. 740, Briornrn 66111111 infimi.

21. 712, 7. 716, 10, 726, 23. 66116611 66111111 imperio 6111611-
(1111616 11761611 6116616 16 661, 16. 6611611, 666. 11·
claudiopolit 16681, 17. Euanthius 616111611616166116111,
coelesyria 16616161 ΙΙ, 676, 2. 761, 12.

16161 61661661 ΙΙ, 736, 21. Fabiorum 161611161166161 16166616
columna inognn (161161161ῐηί 11, 11, 7261ss-

742, 11. fomes 1116661 61 ε1611611111616 16711,
6616666161 curopalates 1Ι, w, 5. 15. 725, 9.

(1661666616 1161111111 ΙΙ, 636, 21. Francorum 116116 1667619.
6616116666 11116. 11, 611, 1. francico logio ΙΙ, 768, 6.
comnenus monachor ΙΙ. 618, 1. Gan· 111111 roberti 1111167111,
6611611111111111111111616116116 21. ⁴

166 6161166 Petrus 16111111 ΙΙ, 66661611 61611616 «lio 1661111 ΙΙ,

71 18. 61, 1 .

(6666616166 [1111116116. 11, 611, Georgius 1161166666 1 6116666611

7. 6111161616111,662,16. in 61111111, 717, 17.

indiciis arrogantia 16. mon 11, (16616166616116161 11, 726, 6

6561166. 6116116611 ib. Gymnas 6166161116 11, 7112, 1311116.
66666666116061161661161 616111, (16161611 166111 16677, 22.

imp· 11. 712. 3. · 111161 11. 11, 626, 22.
consororinos 1116111166 6161616611- 1116616111111 66116616661161161116

611111 611116166611111,611,18. 161171. 16.

61111 11161111, 651611. 1166116161 monasterinm 16 m. i.
666116666111766666161661161161- 111616661111116 16673, 1 sqq· 675.

111111, 721611. 22. ο611111111111,685,21-
(1611611116611111116611161161 61111- 116611 161 66611161111116116116111

1111111161, 11. 116661.

 

